iter      cost      cost_change  |gradient|   |step|    tr_ratio  tr_radius  ls_iter  iter_time  total_time
   0  4.348883e+16    0.00e+00    4.15e+14   0.00e+00   0.00e+00  1.00e+04        0    1.79e-02    1.91e-02
   1  3.292455e+15    4.02e+16    6.10e+13   7.10e+02   9.25e-01  2.59e+04        1    1.97e-02    3.99e-02
   2  2.164793e+14    3.08e+15    8.09e+12   3.58e+02   9.36e-01  7.69e+04        1    1.94e-02    6.00e-02
   3  1.468311e+13    2.02e+14    1.08e+12   1.81e+02   9.39e-01  2.31e+05        1    1.98e-02    8.18e-02
   4  1.174443e+12    1.35e+13    1.62e+11   9.57e+01   9.44e-01  6.92e+05        1    1.79e-02    1.00e-01
   5  1.277177e+11    1.05e+12    3.51e+10   5.68e+01   9.39e-01  2.08e+06        1    1.78e-02    1.19e-01
   6  2.875867e+10    9.90e+10    2.11e+09   2.11e+01   8.51e-01  3.17e+06        1    1.80e-02    1.37e-01
   7  3.057734e+10   -1.82e+09    0.00e+00   9.75e+00  -4.79e-01  1.58e+06        1    1.60e-03    1.39e-01
   8  3.057734e+10   -1.82e+09    0.00e+00   9.75e+00  -4.79e-01  3.96e+05        1    1.48e-03    1.41e-01
   9  3.057730e+10   -1.82e+09    0.00e+00   9.75e+00  -4.79e-01  4.95e+04        1    1.60e-03    1.43e-01
  10  3.057694e+10   -1.82e+09    0.00e+00   9.75e+00  -4.79e-01  3.09e+03        1    1.42e-03    1.45e-01
  11  3.057084e+10   -1.81e+09    0.00e+00   9.75e+00  -4.77e-01  9.66e+01        1    1.35e-03    1.46e-01
  12  3.037605e+10   -1.62e+09    0.00e+00   9.58e+00  -4.26e-01  1.51e+00        1    1.40e-03    1.48e-01
  13  2.717121e+10    1.59e+09    7.51e+08   4.87e+00   5.46e-01  1.51e+00        1    1.78e-02    1.66e-01
  14  2.708431e+10    8.69e+07    3.87e+08   1.82e+00   3.16e-01  1.44e+00        1    1.79e-02    1.84e-01
  15  2.706194e+10    2.24e+07    2.16e+08   8.86e-01   3.13e-01  1.37e+00        1    1.75e-02    2.03e-01
  16  2.705552e+10    6.42e+06    1.01e+08   4.07e-01   3.51e-01  1.33e+00        1    1.87e-02    2.22e-01
  17  2.705416e+10    1.36e+06    4.68e+07   1.78e-01   3.58e-01  1.30e+00        1    1.83e-02    2.41e-01
  18  2.705387e+10    2.84e+05    2.04e+07   7.56e-02   3.74e-01  1.28e+00        1    2.14e-02    2.63e-01
  19  2.705382e+10    5.31e+04    8.68e+06   3.15e-02   3.81e-01  1.26e+00        1    2.88e-02    2.92e-01
Ceres Solver Report: Iterations: 20, Initial cost: 4.348883e+16, Final cost: 2.705382e+10, Termination: CONVERGENCE
Initial deg: 1  tx: 1   ty: 1
Final deg: 42.161       tx: 1247.02     ty: 509.107