iter      cost      cost_change  |gradient|   |step|    tr_ratio  tr_radius  ls_iter  iter_time  total_time
   0  1.163772e+05    0.00e+00    2.82e+05   0.00e+00   0.00e+00  1.00e+04        0    2.10e-02    2.31e-02
   1  4.970034e+05   -3.81e+05    0.00e+00   2.02e+00  -3.27e+00  5.00e+03        1    4.52e-03    2.89e-02
   2  4.963922e+05   -3.80e+05    0.00e+00   2.02e+00  -3.27e+00  1.25e+03        1    1.59e-03    3.08e-02
   3  4.927585e+05   -3.76e+05    0.00e+00   2.02e+00  -3.23e+00  1.56e+02        1    1.49e-03    3.25e-02
   4  4.614149e+05   -3.45e+05    0.00e+00   2.01e+00  -2.96e+00  9.77e+00        1    1.65e-03    3.44e-02
   5  2.474732e+05   -1.31e+05    0.00e+00   1.89e+00  -1.13e+00  3.05e-01        1    1.78e-03    3.65e-02
   6  2.941208e+04    8.70e+04    1.33e+05   6.75e-01   1.37e+00  9.16e-01        1    1.97e-02    5.64e-02
   7  3.890804e+03    2.55e+04    6.98e+04   4.18e-01   1.10e+00  2.75e+00        1    1.79e-02    7.49e-02
   8  1.266411e+02    3.76e+03    1.14e+04   9.30e-02   1.01e+00  8.24e+00        1    1.74e-02    9.31e-02
   9  7.742068e-01    1.26e+02    7.41e+02   2.05e-02   1.00e+00  2.47e+01        1    1.92e-02    1.12e-01
  10  7.173898e-04    7.73e-01    1.92e+01   1.73e-03   1.00e+00  7.42e+01        1    1.75e-02    1.31e-01
  11  8.735187e-08    7.17e-04    1.94e-01   5.56e-05   1.00e+00  2.22e+02        1    1.71e-02    1.49e-01
  12  1.432427e-10    8.72e-08    7.87e-04   6.28e-07   1.00e+00  6.67e+02        1    2.01e-02    1.69e-01
Ceres Solver Report: Iterations: 13, Initial cost: 1.163772e+05, Final cost: 1.432427e-10, Termination: CONVERGENCE
Initial a: 1    b: 1    c: 1
Final a: 0.291955       b: 0.428201     c: 0.575431